# entries = 901223
0.000000 0.037596
0.500000 0.039173
1.000000 0.041026
1.500000 0.041643
2.000000 0.041859
2.500000 0.043126
3.000000 0.044295
3.500000 0.043858
4.000000 0.044639
4.500000 0.044215
5.000000 0.043871
5.500000 0.044142
6.000000 0.043161
6.500000 0.042815
7.000000 0.042358
7.500000 0.041959
8.000000 0.041377
8.500000 0.040534
9.000000 0.040083
9.500000 0.039085
10.000000 0.038479
10.500000 0.037101
11.000000 0.036038
11.500000 0.035714
12.000000 0.034597
12.500000 0.033838
13.000000 0.032995
13.500000 0.032234
14.000000 0.030958
14.500000 0.029780
15.000000 0.029342
15.500000 0.028355
16.000000 0.027751
16.500000 0.026424
17.000000 0.025896
17.500000 0.025346
18.000000 0.024232
18.500000 0.023078
19.000000 0.022909
19.500000 0.021846
20.000000 0.021435
20.500000 0.020343
21.000000 0.019760
21.500000 0.019431
22.000000 0.018333
22.500000 0.017629
23.000000 0.017103
23.500000 0.016724
24.000000 0.015838
24.500000 0.015404
25.000000 0.015195
25.500000 0.014480
26.000000 0.014121
26.500000 0.013251
27.000000 0.013100
27.500000 0.012625
28.000000 0.011573
28.500000 0.011307
29.000000 0.011207
29.500000 0.010532
30.000000 0.009951
30.500000 0.009864
31.000000 0.009540
31.500000 0.009241
32.000000 0.008675
32.500000 0.008244
33.000000 0.007852
33.500000 0.007434
34.000000 0.007124
34.500000 0.006895
35.000000 0.006800
35.500000 0.006496
36.000000 0.006351
36.500000 0.005956
37.000000 0.005672
37.500000 0.005410
38.000000 0.004984
38.500000 0.005151
39.000000 0.004862
39.500000 0.004503
40.000000 0.004569
40.500000 0.004232
41.000000 0.004090
41.500000 0.003857
42.000000 0.003602
42.500000 0.003549
43.000000 0.003702
43.500000 0.003431
44.000000 0.003171
44.500000 0.003018
45.000000 0.002701
45.500000 0.002796
46.000000 0.002621
46.500000 0.002519
47.000000 0.002554
47.500000 0.002430
48.000000 0.002410
48.500000 0.002197
49.000000 0.002153
49.500000 0.001973
50.000000 0.001977
50.500000 0.001935
51.000000 0.001791
51.500000 0.001711
52.000000 0.001591
52.500000 0.001602
53.000000 0.001647
53.500000 0.001398
54.000000 0.001371
54.500000 0.001327
55.000000 0.001336
55.500000 0.001289
56.000000 0.001207
56.500000 0.001070
57.000000 0.001067
57.500000 0.000979
58.000000 0.000930
58.500000 0.000988
59.000000 0.000950
59.500000 0.000923
60.000000 0.000839
60.500000 0.000797
61.000000 0.000879
61.500000 0.000715
62.000000 0.000690
62.500000 0.000706
63.000000 0.000608
63.500000 0.000699
64.000000 0.000617
64.500000 0.000581
65.000000 0.000522
65.500000 0.000553
66.000000 0.000495
66.500000 0.000466
67.000000 0.000482
67.500000 0.000468
68.000000 0.000435
68.500000 0.000457
69.000000 0.000368
69.500000 0.000391
70.000000 0.000375
70.500000 0.000371
71.000000 0.000362
71.500000 0.000355
72.000000 0.000300
72.500000 0.000280
73.000000 0.000244
73.500000 0.000282
74.000000 0.000306
74.500000 0.000282
75.000000 0.000242
75.500000 0.000244
76.000000 0.000244
76.500000 0.000217
77.000000 0.000235
77.500000 0.000186
78.000000 0.000206
78.500000 0.000209
79.000000 0.000182
79.500000 0.000195
80.000000 0.000202
80.500000 0.000226
81.000000 0.000180
81.500000 0.000175
82.000000 0.000198
82.500000 0.000102
83.000000 0.000120
83.500000 0.000144
84.000000 0.000131
84.500000 0.000144
85.000000 0.000142
85.500000 0.000102
86.000000 0.000140
86.500000 0.000120
87.000000 0.000138
87.500000 0.000131
88.000000 0.000120
88.500000 0.000093
89.000000 0.000133
89.500000 0.000109
90.000000 0.000087
90.500000 0.000089
91.000000 0.000084
91.500000 0.000113
92.000000 0.000122
92.500000 0.000087
93.000000 0.000080
93.500000 0.000069
94.000000 0.000080
94.500000 0.000071
95.000000 0.000075
95.500000 0.000058
96.000000 0.000087
96.500000 0.000049
97.000000 0.000062
97.500000 0.000053
98.000000 0.000058
98.500000 0.000067
99.000000 0.000064
99.500000 0.000073
100.000000 0.001749
