# entries = 901102
0.000000 0.046789
0.500000 0.046190
1.000000 0.046286
1.500000 0.045464
2.000000 0.044250
2.500000 0.044696
3.000000 0.043913
3.500000 0.043074
4.000000 0.042972
4.500000 0.042324
5.000000 0.041201
5.500000 0.040235
6.000000 0.039902
6.500000 0.039043
7.000000 0.038031
7.500000 0.037055
8.000000 0.037103
8.500000 0.036264
9.000000 0.035552
9.500000 0.034784
10.000000 0.034132
10.500000 0.033199
11.000000 0.032065
11.500000 0.031621
12.000000 0.030747
12.500000 0.029488
13.000000 0.029366
13.500000 0.028543
14.000000 0.027608
14.500000 0.026867
15.000000 0.025671
15.500000 0.025569
16.000000 0.024634
16.500000 0.023764
17.000000 0.023513
17.500000 0.022532
18.000000 0.023003
18.500000 0.022055
19.000000 0.020806
19.500000 0.020444
20.000000 0.020029
20.500000 0.018872
21.000000 0.019119
21.500000 0.018038
22.000000 0.017689
22.500000 0.017272
23.000000 0.016813
23.500000 0.015918
24.000000 0.016116
24.500000 0.015150
25.000000 0.014420
25.500000 0.014351
26.000000 0.014174
26.500000 0.013641
27.000000 0.012995
27.500000 0.012771
28.000000 0.012607
28.500000 0.012045
29.000000 0.011757
29.500000 0.011357
30.000000 0.010576
30.500000 0.010629
31.000000 0.010152
31.500000 0.009919
32.000000 0.009331
32.500000 0.009417
33.000000 0.008743
33.500000 0.008649
34.000000 0.008547
34.500000 0.008221
35.000000 0.007875
35.500000 0.007684
36.000000 0.007269
36.500000 0.007309
37.000000 0.006874
37.500000 0.006754
38.000000 0.006596
38.500000 0.006241
39.000000 0.006101
39.500000 0.005882
40.000000 0.005555
40.500000 0.005504
41.000000 0.005276
41.500000 0.005305
42.000000 0.004905
42.500000 0.004994
43.000000 0.004459
43.500000 0.004588
44.000000 0.004348
44.500000 0.004299
45.000000 0.004077
45.500000 0.003864
46.000000 0.003682
46.500000 0.003751
47.000000 0.003682
47.500000 0.003300
48.000000 0.003338
48.500000 0.003181
49.000000 0.003185
49.500000 0.003021
50.000000 0.002837
50.500000 0.002954
51.000000 0.002752
51.500000 0.002657
52.000000 0.002577
52.500000 0.002395
53.000000 0.002475
53.500000 0.002220
54.000000 0.002204
54.500000 0.002066
55.000000 0.002148
55.500000 0.001982
56.000000 0.001964
56.500000 0.002000
57.000000 0.001853
57.500000 0.001756
58.000000 0.001722
58.500000 0.001587
59.000000 0.001765
59.500000 0.001531
60.000000 0.001492
60.500000 0.001365
61.000000 0.001385
61.500000 0.001298
62.000000 0.001283
62.500000 0.001258
63.000000 0.001143
63.500000 0.001105
64.000000 0.000992
64.500000 0.001068
65.000000 0.001028
65.500000 0.001030
66.000000 0.000939
66.500000 0.000994
67.000000 0.000919
67.500000 0.000846
68.000000 0.000848
68.500000 0.000783
69.000000 0.000803
69.500000 0.000666
70.000000 0.000699
70.500000 0.000783
71.000000 0.000635
71.500000 0.000664
72.000000 0.000610
72.500000 0.000573
73.000000 0.000568
73.500000 0.000528
74.000000 0.000566
74.500000 0.000486
75.000000 0.000493
75.500000 0.000528
76.000000 0.000471
76.500000 0.000437
77.000000 0.000433
77.500000 0.000437
78.000000 0.000442
78.500000 0.000453
79.000000 0.000417
79.500000 0.000337
80.000000 0.000371
80.500000 0.000317
81.000000 0.000375
81.500000 0.000335
82.000000 0.000337
82.500000 0.000284
83.000000 0.000313
83.500000 0.000331
84.000000 0.000313
84.500000 0.000297
85.000000 0.000306
85.500000 0.000311
86.000000 0.000246
86.500000 0.000231
87.000000 0.000251
87.500000 0.000251
88.000000 0.000233
88.500000 0.000204
89.000000 0.000200
89.500000 0.000222
90.000000 0.000242
90.500000 0.000189
91.000000 0.000209
91.500000 0.000211
92.000000 0.000158
92.500000 0.000202
93.000000 0.000155
93.500000 0.000166
94.000000 0.000160
94.500000 0.000140
95.000000 0.000140
95.500000 0.000122
96.000000 0.000131
96.500000 0.000146
97.000000 0.000149
97.500000 0.000113
98.000000 0.000100
98.500000 0.000098
99.000000 0.000100
99.500000 0.000111
100.000000 0.003003
