# entries = 901286
0.000000 0.038325
0.500000 0.038316
1.000000 0.038754
1.500000 0.038177
2.000000 0.038059
2.500000 0.038174
3.000000 0.038050
3.500000 0.037784
4.000000 0.037804
4.500000 0.037038
5.000000 0.036537
5.500000 0.036475
6.000000 0.035647
6.500000 0.035381
7.000000 0.034999
7.500000 0.034229
8.000000 0.033852
8.500000 0.033896
9.000000 0.033015
9.500000 0.032056
10.000000 0.032480
10.500000 0.031724
11.000000 0.030696
11.500000 0.030230
12.000000 0.029653
12.500000 0.028974
13.000000 0.028313
13.500000 0.027971
14.000000 0.027055
14.500000 0.026316
15.000000 0.025639
15.500000 0.025712
16.000000 0.025344
16.500000 0.024496
17.000000 0.023433
17.500000 0.023433
18.000000 0.022586
18.500000 0.022091
19.000000 0.021991
19.500000 0.021385
20.000000 0.020555
20.500000 0.020275
21.000000 0.019574
21.500000 0.019031
22.000000 0.018658
22.500000 0.018256
23.000000 0.017493
23.500000 0.016976
24.000000 0.016450
24.500000 0.016334
25.000000 0.015982
25.500000 0.015318
26.000000 0.015238
26.500000 0.014424
27.000000 0.014071
27.500000 0.013649
28.000000 0.013379
28.500000 0.012975
29.000000 0.012953
29.500000 0.012358
30.000000 0.012389
30.500000 0.011481
31.000000 0.011395
31.500000 0.011117
32.000000 0.010720
32.500000 0.010467
33.000000 0.010077
33.500000 0.010026
34.000000 0.009708
34.500000 0.009566
35.000000 0.008850
35.500000 0.008610
36.000000 0.008470
36.500000 0.008428
37.000000 0.007875
37.500000 0.007787
38.000000 0.007618
38.500000 0.007405
39.000000 0.007048
39.500000 0.006859
40.000000 0.006892
40.500000 0.006475
41.000000 0.006260
41.500000 0.006034
42.000000 0.005852
42.500000 0.005940
43.000000 0.005685
43.500000 0.005599
44.000000 0.005093
44.500000 0.005270
45.000000 0.005130
45.500000 0.004820
46.000000 0.004667
46.500000 0.004680
47.000000 0.004443
47.500000 0.004201
48.000000 0.004263
48.500000 0.004072
49.000000 0.003908
49.500000 0.003810
50.000000 0.003848
50.500000 0.003715
51.000000 0.003437
51.500000 0.003342
52.000000 0.003222
52.500000 0.003109
53.000000 0.003089
53.500000 0.003071
54.000000 0.002962
54.500000 0.002898
55.000000 0.002832
55.500000 0.002621
56.000000 0.002585
56.500000 0.002541
57.000000 0.002399
57.500000 0.002392
58.000000 0.002461
58.500000 0.002204
59.000000 0.002272
59.500000 0.002030
60.000000 0.002035
60.500000 0.002064
61.000000 0.001762
61.500000 0.001797
62.000000 0.001897
62.500000 0.001848
63.000000 0.001813
63.500000 0.001709
64.000000 0.001664
64.500000 0.001540
65.000000 0.001569
65.500000 0.001542
66.000000 0.001331
66.500000 0.001371
67.000000 0.001347
67.500000 0.001274
68.000000 0.001336
68.500000 0.001212
69.000000 0.001201
69.500000 0.001138
70.000000 0.001183
70.500000 0.001036
71.000000 0.001067
71.500000 0.001034
72.000000 0.000990
72.500000 0.000972
73.000000 0.000903
73.500000 0.000896
74.000000 0.000941
74.500000 0.000885
75.000000 0.000832
75.500000 0.000859
76.000000 0.000788
76.500000 0.000759
77.000000 0.000754
77.500000 0.000750
78.000000 0.000728
78.500000 0.000690
79.000000 0.000670
79.500000 0.000683
80.000000 0.000579
80.500000 0.000619
81.000000 0.000624
81.500000 0.000548
82.000000 0.000599
82.500000 0.000573
83.000000 0.000468
83.500000 0.000555
84.000000 0.000524
84.500000 0.000435
85.000000 0.000477
85.500000 0.000484
86.000000 0.000473
86.500000 0.000490
87.000000 0.000430
87.500000 0.000444
88.000000 0.000446
88.500000 0.000411
89.000000 0.000386
89.500000 0.000437
90.000000 0.000382
90.500000 0.000342
91.000000 0.000342
91.500000 0.000384
92.000000 0.000362
92.500000 0.000282
93.000000 0.000282
93.500000 0.000320
94.000000 0.000300
94.500000 0.000264
95.000000 0.000224
95.500000 0.000262
96.000000 0.000231
96.500000 0.000271
97.000000 0.000233
97.500000 0.000237
98.000000 0.000220
98.500000 0.000244
99.000000 0.000240
99.500000 0.000226
100.000000 0.009427
