# entries = 900659
0.000000 0.075864
0.500000 0.073526
1.000000 0.071321
1.500000 0.068719
2.000000 0.066962
2.500000 0.064197
3.000000 0.062075
3.500000 0.060300
4.000000 0.057207
4.500000 0.055879
5.000000 0.053559
5.500000 0.051189
6.000000 0.049630
6.500000 0.048678
7.000000 0.046657
7.500000 0.044638
8.000000 0.042793
8.500000 0.041574
9.000000 0.040404
9.500000 0.038594
10.000000 0.037473
10.500000 0.035432
11.000000 0.034191
11.500000 0.033316
12.000000 0.031355
12.500000 0.030449
13.000000 0.029199
13.500000 0.028204
14.000000 0.026170
14.500000 0.025428
15.000000 0.024487
15.500000 0.023751
16.000000 0.022714
16.500000 0.021711
17.000000 0.020703
17.500000 0.020008
18.000000 0.019075
18.500000 0.018200
19.000000 0.017612
19.500000 0.017010
20.000000 0.016004
20.500000 0.015917
21.000000 0.014993
21.500000 0.014358
22.000000 0.013528
22.500000 0.013361
23.000000 0.012622
23.500000 0.012275
24.000000 0.011534
24.500000 0.011254
25.000000 0.010490
25.500000 0.010066
26.000000 0.009682
26.500000 0.009111
27.000000 0.008791
27.500000 0.008438
28.000000 0.007981
28.500000 0.007654
29.000000 0.007195
29.500000 0.007150
30.000000 0.006708
30.500000 0.006300
31.000000 0.006322
31.500000 0.005805
32.000000 0.005654
32.500000 0.005412
33.000000 0.005198
33.500000 0.004992
34.000000 0.004566
34.500000 0.004443
35.000000 0.004295
35.500000 0.004066
36.000000 0.003917
36.500000 0.003655
37.000000 0.003446
37.500000 0.003380
38.000000 0.003209
38.500000 0.003000
39.000000 0.002949
39.500000 0.002942
40.000000 0.002636
40.500000 0.002629
41.000000 0.002443
41.500000 0.002323
42.000000 0.002203
42.500000 0.002101
43.000000 0.002076
43.500000 0.002065
44.000000 0.001743
44.500000 0.001814
45.000000 0.001730
45.500000 0.001572
46.000000 0.001534
46.500000 0.001450
47.000000 0.001452
47.500000 0.001297
48.000000 0.001206
48.500000 0.001248
49.000000 0.001261
49.500000 0.001055
50.000000 0.001028
50.500000 0.000975
51.000000 0.000930
51.500000 0.000946
52.000000 0.000808
52.500000 0.000828
53.000000 0.000853
53.500000 0.000708
54.000000 0.000631
54.500000 0.000668
55.000000 0.000606
55.500000 0.000575
56.000000 0.000540
56.500000 0.000546
57.000000 0.000533
57.500000 0.000509
58.000000 0.000500
58.500000 0.000400
59.000000 0.000464
59.500000 0.000411
60.000000 0.000393
60.500000 0.000338
61.000000 0.000344
61.500000 0.000342
62.000000 0.000278
62.500000 0.000269
63.000000 0.000264
63.500000 0.000266
64.000000 0.000251
64.500000 0.000282
65.000000 0.000224
65.500000 0.000220
66.000000 0.000218
66.500000 0.000195
67.000000 0.000187
67.500000 0.000189
68.000000 0.000169
68.500000 0.000178
69.000000 0.000144
69.500000 0.000160
70.000000 0.000142
70.500000 0.000131
71.000000 0.000133
71.500000 0.000127
72.000000 0.000113
72.500000 0.000098
73.000000 0.000102
73.500000 0.000091
74.000000 0.000078
74.500000 0.000095
75.000000 0.000104
75.500000 0.000064
76.000000 0.000078
76.500000 0.000067
77.000000 0.000069
77.500000 0.000091
78.000000 0.000060
78.500000 0.000058
79.000000 0.000069
79.500000 0.000049
80.000000 0.000062
80.500000 0.000076
81.000000 0.000044
81.500000 0.000049
82.000000 0.000040
82.500000 0.000022
83.000000 0.000031
83.500000 0.000029
84.000000 0.000053
84.500000 0.000036
85.000000 0.000042
85.500000 0.000031
86.000000 0.000029
86.500000 0.000036
87.000000 0.000022
87.500000 0.000029
88.000000 0.000027
88.500000 0.000018
89.000000 0.000022
89.500000 0.000007
90.000000 0.000027
90.500000 0.000007
91.000000 0.000022
91.500000 0.000033
92.000000 0.000013
92.500000 0.000022
93.000000 0.000011
93.500000 0.000007
94.000000 0.000009
94.500000 0.000013
95.000000 0.000013
95.500000 0.000013
96.000000 0.000016
96.500000 0.000009
97.000000 0.000009
97.500000 0.000000
98.000000 0.000004
98.500000 0.000011
99.000000 0.000002
99.500000 0.000007
100.000000 0.000107
